======================================

EXEMPLE TABLE FREQUENCE BIVARIEE
dir(°) 
U           0     2     4     6     8    10    12    14    16    18    20    22    24 somme U
     90 0.000 0.002 0.002 0.002 0.001 0.000 0.000 0.000 0.000 0.000 0.000 0.000 0.000 0.007
     60 0.000 0.002 0.001 0.002 0.000 0.000 0.000 0.000 0.000 0.000 0.000 0.000 0.000 0.005
     30 0.000 0.002 0.002 0.004 0.001 0.001 0.000 0.000 0.000 0.000 0.000 0.000 0.000 0.011
      0 0.029 0.007 0.010 0.028 0.013 0.011 0.009 0.007 0.005 0.004 0.003 0.002 0.004 0.132
    330 0.001 0.010 0.014 0.026 0.014 0.016 0.018 0.020 0.019 0.017 0.014 0.011 0.033 0.212
    300 0.000 0.005 0.004 0.007 0.006 0.007 0.010 0.012 0.012 0.013 0.012 0.010 0.039 0.137
    270 0.000 0.003 0.002 0.005 0.004 0.004 0.005 0.005 0.004 0.004 0.003 0.002 0.006 0.046
    240 0.000 0.003 0.002 0.005 0.003 0.002 0.002 0.001 0.001 0.001 0.000 0.000 0.000 0.020
    210 0.000 0.005 0.005 0.006 0.003 0.003 0.002 0.002 0.001 0.001 0.000 0.000 0.000 0.027
    180 0.000 0.014 0.027 0.042 0.010 0.007 0.005 0.003 0.002 0.001 0.001 0.000 0.001 0.113
    150 0.000 0.014 0.034 0.076 0.027 0.022 0.018 0.015 0.011 0.008 0.005 0.004 0.006 0.241
    120 0.000 0.007 0.010 0.014 0.004 0.003 0.003 0.002 0.002 0.001 0.001 0.000 0.001 0.047
    360                         1.000
somme dir
        0.029 0.074 0.113 0.217 0.085 0.078 0.072 0.066 0.058 0.050 0.039 0.031 0.089 1.000
======================================
